1,1,97.30,499.77,387.68,170.09,0.84,0.0,1
2,1,108.21,448.47,377.40,196.12,0.83,0.0,1
3,1,99.49,468.77,391.40,153.91,0.80,0.0,1
4,1,112.13,448.49,365.78,152.80,0.82,0.0,1
5,1,132.60,435.68,366.33,143.22,0.83,0.0,1
6,1,158.06,418.66,347.88,140.52,0.80,0.0,1
7,1,163.47,392.87,343.17,149.89,0.81,0.0,1
8,1,134.13,395.12,372.82,132.51,0.75,0.0,1
9,1,209.50,400.07,302.64,112.06,0.79,0.0,1
13,2,416.40,314.91,42.75,24.09,0.35,0.0,1
13,1,209.50,400.07,302.64,112.06,0.69,0.0,1
15,1,209.50,400.07,302.64,112.06,0.73,0.0,1
16,1,342.63,418.93,268.15,91.89,0.73,0.0,1
17,1,348.17,399.74,286.33,119.73,0.77,0.0,1
18,1,355.45,398.70,311.69,132.75,0.71,0.0,1
19,1,384.38,402.41,286.31,142.45,0.80,0.0,1
20,1,406.15,393.34,291.95,166.81,0.81,0.0,1
21,1,425.21,426.37,284.01,147.38,0.82,0.0,1
22,1,448.16,421.04,287.94,159.96,0.81,0.0,1
23,1,453.68,434.12,298.48,159.01,0.79,0.0,1
24,1,463.23,428.36,301.65,176.09,0.81,0.0,1
25,1,478.78,444.08,302.06,164.60,0.86,0.0,1
26,1,525.79,452.65,268.60,162.59,0.87,0.0,1
27,1,521.91,454.77,280.48,167.77,0.88,0.0,1
28,1,552.75,460.96,249.34,157.28,0.89,0.0,1
29,1,561.59,462.83,271.46,160.14,0.86,0.0,1
30,1,565.09,464.27,270.88,156.08,0.85,0.0,1
31,1,600.01,461.81,247.86,152.58,0.86,0.0,1
32,1,596.12,460.62,259.42,152.20,0.86,0.0,1
33,1,598.51,457.23,263.28,149.70,0.85,0.0,1
34,1,615.54,451.33,247.25,148.02,0.85,0.0,1
35,1,625.79,445.49,261.15,146.38,0.86,0.0,1
36,1,624.82,440.49,268.83,142.09,0.86,0.0,1
37,1,626.61,431.72,258.82,140.89,0.86,0.0,1
38,1,638.58,426.72,255.62,137.07,0.85,0.0,1
39,1,652.21,417.07,236.56,137.36,0.84,0.0,1
40,1,660.65,409.40,232.68,136.93,0.83,0.0,1
41,1,667.10,402.93,222.28,132.15,0.81,0.0,1
42,1,670.52,403.15,216.13,123.25,0.78,0.0,1
43,1,677.08,409.01,218.42,104.90,0.56,0.0,1
44,1,688.44,399.04,187.50,103.90,0.22,0.0,1
45,1,690.85,419.50,185.56,73.97,0.69,0.0,1
46,1,681.46,413.07,203.85,69.76,0.54,0.0,1
47,1,688.39,414.47,122.58,58.10,0.50,0.0,1
49,1,688.39,414.47,122.58,58.10,0.21,0.0,1
54,5,690.22,361.74,201.82,64.32,0.23,0.0,1
55,5,685.52,350.94,208.56,70.90,0.77,0.0,1
56,5,676.96,344.76,221.54,73.99,0.74,0.0,1
57,5,694.68,331.57,195.20,78.16,0.62,0.0,1
58,5,674.37,316.99,220.99,74.73,0.71,0.0,1
59,5,682.76,311.87,216.79,74.64,0.76,0.0,1
60,5,700.69,301.75,188.76,75.70,0.78,0.0,1
61,5,700.30,297.29,199.92,74.84,0.78,0.0,1
62,5,686.57,292.23,219.20,78.60,0.78,0.0,1
63,5,685.38,287.65,222.02,79.84,0.79,0.0,1
64,5,686.42,283.60,202.33,80.36,0.79,0.0,1
65,5,687.88,281.97,223.82,83.92,0.79,0.0,1
66,5,691.04,280.34,216.05,85.73,0.77,0.0,1
67,5,695.18,280.69,211.73,82.74,0.77,0.0,1
68,5,712.51,279.37,198.46,85.98,0.74,0.0,1
69,5,700.39,282.72,207.80,86.81,0.76,0.0,1
70,5,722.55,285.51,192.58,80.30,0.75,0.0,1
71,5,706.19,290.03,215.81,85.46,0.75,0.0,1
72,5,707.26,298.13,215.14,90.23,0.74,0.0,1
73,5,706.69,303.48,229.05,81.19,0.75,0.0,1
74,5,726.76,313.06,197.90,76.22,0.74,0.0,1
75,5,712.98,317.97,224.08,76.93,0.75,0.0,1
76,5,709.47,327.81,209.18,76.78,0.73,0.0,1
77,5,706.85,340.49,210.48,74.21,0.76,0.0,1
78,5,709.52,348.35,203.36,69.75,0.69,0.0,1
79,5,707.90,350.40,202.16,70.24,0.71,0.0,1
80,5,705.54,352.22,198.40,71.81,0.70,0.0,1
81,5,703.39,361.58,196.27,61.38,0.44,0.0,1
82,5,694.24,363.30,205.95,61.07,0.58,0.0,1
83,5,688.44,360.17,213.79,67.62,0.59,0.0,1
84,5,680.01,361.13,201.88,67.95,0.62,0.0,1
85,5,671.79,357.45,202.66,73.87,0.75,0.0,1
86,5,659.80,356.16,204.94,66.51,0.73,0.0,1
87,5,651.32,353.83,218.21,68.68,0.68,0.0,1
88,5,634.39,350.00,225.03,68.00,0.73,0.0,1
89,5,633.42,347.03,226.04,71.33,0.56,0.0,1
90,5,631.07,340.30,192.57,75.50,0.56,0.0,1
91,5,633.51,337.48,188.16,74.27,0.72,0.0,1
92,5,621.62,339.28,192.72,75.44,0.77,0.0,1
93,5,608.56,343.26,176.36,72.71,0.64,0.0,1
94,5,599.03,343.76,173.50,74.35,0.67,0.0,1
95,5,591.39,346.14,201.39,73.93,0.68,0.0,1
98,5,591.39,346.14,201.39,73.93,0.23,0.0,1
105,6,572.02,409.53,190.33,72.71,0.67,0.0,1
106,6,573.18,413.63,193.16,70.80,0.66,0.0,1
107,6,573.61,412.97,197.81,74.82,0.73,0.0,1
108,6,577.11,416.50,199.39,68.37,0.50,0.0,1
109,6,578.55,412.92,200.51,69.85,0.61,0.0,1
120,6,578.55,412.92,200.51,69.85,0.36,0.0,1
121,6,593.41,428.75,184.66,77.05,0.35,0.0,1
122,6,585.36,421.39,242.69,100.84,0.56,0.0,1
123,6,576.83,402.18,250.51,137.65,0.76,0.0,1
124,6,559.89,400.70,276.68,152.49,0.80,0.0,1
125,6,555.22,409.59,291.98,161.93,0.83,0.0,1
126,6,551.67,415.64,283.47,167.68,0.85,0.0,1
127,6,556.58,427.03,265.14,172.73,0.84,0.0,1
128,6,524.53,443.25,297.13,168.57,0.85,0.0,1
129,6,526.04,453.30,278.48,174.15,0.87,0.0,1
130,6,505.54,456.55,303.50,174.90,0.85,0.0,1
131,6,506.44,457.78,295.22,176.93,0.86,0.0,1
132,6,480.36,454.60,322.18,179.14,0.85,0.0,1
133,6,489.76,445.68,308.40,178.21,0.88,0.0,1
134,6,456.80,432.00,333.71,184.46,0.82,0.0,1
135,6,456.59,416.88,322.05,187.48,0.80,0.0,1
136,6,466.53,441.43,273.39,141.52,0.84,0.0,1
137,6,437.88,430.63,306.29,133.28,0.84,0.0,1
138,6,446.35,439.83,289.81,103.07,0.79,0.0,1
139,6,458.28,425.69,256.78,98.29,0.77,0.0,1
140,6,469.03,416.24,228.30,88.26,0.79,0.0,1
141,6,439.13,409.10,250.12,82.59,0.54,0.0,1
142,6,429.99,407.62,249.25,73.93,0.44,0.0,1
146,6,429.99,407.62,249.25,73.93,0.28,0.0,1
147,6,423.92,412.80,246.00,94.25,0.73,0.0,1
148,6,402.85,405.15,273.34,117.02,0.79,0.0,1
149,6,411.22,403.64,260.70,134.13,0.79,0.0,1
150,6,405.44,401.19,273.89,155.15,0.82,0.0,1
151,6,402.65,408.18,278.73,160.47,0.80,0.0,1
152,6,419.16,430.59,253.71,150.27,0.84,0.0,1
153,6,415.65,437.01,269.85,152.74,0.84,0.0,1
154,6,412.05,440.54,281.60,159.35,0.84,0.0,1
155,6,423.89,443.79,279.77,163.17,0.85,0.0,1
156,6,421.61,448.11,293.45,162.30,0.85,0.0,1
157,6,444.13,444.91,270.18,161.47,0.85,0.0,1
158,6,439.27,442.80,280.35,155.38,0.83,0.0,1
159,6,469.53,432.74,266.56,154.26,0.81,0.0,1
160,6,468.44,427.96,283.51,149.26,0.80,0.0,1
161,6,485.25,422.43,271.94,144.54,0.79,0.0,1
162,6,501.92,427.02,268.23,128.89,0.80,0.0,1
163,6,518.27,431.00,248.30,115.28,0.77,0.0,1
164,6,543.85,441.08,236.14,91.99,0.74,0.0,1
165,6,560.01,428.89,226.17,92.74,0.74,0.0,1
166,6,578.39,418.46,199.82,85.79,0.78,0.0,1
167,6,593.96,412.28,187.50,77.93,0.68,0.0,1
174,8,606.62,315.25,211.56,88.50,0.69,0.0,1
175,8,614.96,306.89,214.21,79.75,0.73,0.0,1
176,8,603.54,298.19,226.01,75.25,0.78,0.0,1
177,8,610.64,292.44,211.11,82.87,0.78,0.0,1
178,8,605.90,286.76,202.00,80.73,0.80,0.0,1
179,8,609.35,281.23,193.18,88.81,0.63,0.0,1
180,8,607.70,282.61,189.97,71.13,0.23,0.0,1
181,8,649.80,272.49,148.33,68.73,0.38,0.0,1
182,8,606.68,274.62,175.68,66.10,0.31,0.0,1
183,8,606.19,276.54,168.72,55.39,0.28,0.0,1
184,8,612.39,270.78,166.92,60.85,0.29,0.0,1
185,8,606.70,269.18,170.15,60.55,0.48,0.0,1
186,8,620.81,268.24,156.99,58.14,0.40,0.0,1
187,8,588.42,269.54,187.92,57.22,0.45,0.0,1
188,8,595.83,269.18,172.98,59.73,0.53,0.0,1
189,8,598.53,273.96,159.96,64.93,0.44,0.0,1
190,8,582.11,278.86,169.64,63.14,0.71,0.0,1
191,8,579.81,285.31,170.71,65.87,0.66,0.0,1
192,8,575.57,290.63,159.63,65.51,0.67,0.0,1
193,8,569.58,296.43,166.21,61.91,0.62,0.0,1
194,8,569.51,302.27,162.85,70.79,0.73,0.0,1
195,8,572.09,310.63,171.47,66.71,0.76,0.0,1
196,8,551.85,318.34,184.89,67.03,0.72,0.0,1
197,8,548.95,329.44,192.61,72.86,0.75,0.0,1
198,8,547.90,344.35,194.42,72.81,0.74,0.0,1
199,8,549.13,362.47,184.41,61.75,0.39,0.0,1
205,9,562.41,414.87,151.77,62.60,0.79,0.0,1
206,9,562.27,418.79,153.04,65.82,0.79,0.0,1
207,9,559.90,422.58,158.75,68.73,0.78,0.0,1
208,9,563.48,430.51,153.51,63.87,0.75,0.0,1
209,9,561.31,434.74,157.33,64.37,0.76,0.0,1
210,9,561.52,437.03,157.83,63.72,0.76,0.0,1
211,9,561.81,438.01,158.67,62.11,0.76,0.0,1
212,9,562.34,436.86,159.80,62.47,0.76,0.0,1
213,9,564.80,430.44,159.59,67.60,0.77,0.0,1
214,9,567.85,424.90,157.63,68.26,0.80,0.0,1
215,9,569.21,423.93,159.01,64.43,0.79,0.0,1
216,9,573.90,416.35,157.41,64.45,0.79,0.0,1
217,9,574.71,413.34,167.01,58.63,0.46,0.0,1
222,8,549.13,362.47,184.41,61.75,0.20,0.0,1
223,8,599.20,352.15,171.97,69.72,0.77,0.0,1
224,8,594.13,338.68,185.46,77.31,0.77,0.0,1
225,8,592.12,319.81,186.26,83.28,0.75,0.0,1
226,8,609.06,309.18,171.68,71.05,0.73,0.0,1
227,8,614.19,292.42,170.42,78.35,0.81,0.0,1
228,8,626.07,282.49,165.76,77.28,0.73,0.0,1
229,8,629.73,259.12,175.37,71.88,0.72,0.0,1
230,8,632.23,246.97,172.25,73.72,0.70,0.0,1
231,8,636.90,239.44,168.37,77.32,0.76,0.0,1
232,8,645.20,227.29,159.03,78.23,0.76,0.0,1
233,8,647.59,220.63,160.94,77.47,0.70,0.0,1
234,8,652.62,205.45,174.08,90.98,0.73,0.0,1
235,8,652.47,203.23,169.59,88.40,0.78,0.0,1
236,8,656.21,207.33,171.81,85.99,0.76,0.0,1
237,8,673.43,212.25,144.90,79.36,0.77,0.0,1
238,8,668.37,219.82,163.99,81.75,0.75,0.0,1
239,8,670.55,229.91,154.90,76.25,0.78,0.0,1
240,8,671.55,242.53,160.20,71.15,0.76,0.0,1
241,8,672.60,247.17,166.69,73.17,0.77,0.0,1
242,8,671.68,248.49,168.91,73.72,0.75,0.0,1
243,8,674.01,250.11,162.96,75.74,0.70,0.0,1
244,8,671.43,252.80,161.84,73.27,0.72,0.0,1
245,8,673.13,250.19,157.04,79.36,0.78,0.0,1
246,8,666.03,251.04,158.44,74.11,0.77,0.0,1
247,8,666.69,248.40,161.30,71.13,0.77,0.0,1
248,8,667.49,242.96,153.96,70.81,0.78,0.0,1
249,8,663.00,239.22,162.76,68.94,0.80,0.0,1
250,8,664.96,229.59,142.60,67.91,0.78,0.0,1
251,8,673.05,222.28,146.92,72.64,0.77,0.0,1
252,8,659.60,214.91,158.65,72.94,0.78,0.0,1
253,8,658.19,206.75,154.88,73.39,0.80,0.0,1
254,8,663.75,200.10,148.47,73.02,0.79,0.0,1
255,8,662.50,194.25,156.35,73.67,0.80,0.0,1
256,8,669.47,186.46,146.18,77.43,0.80,0.0,1
257,8,669.91,185.08,145.03,74.25,0.79,0.0,1
258,8,675.44,184.70,138.93,74.24,0.78,0.0,1
259,8,669.66,183.01,153.57,77.09,0.81,0.0,1
260,8,665.64,182.76,160.83,76.77,0.79,0.0,1
261,8,669.18,181.59,161.68,75.39,0.78,0.0,1
262,8,667.35,179.70,167.16,76.29,0.79,0.0,1
263,8,668.90,176.97,171.51,71.09,0.79,0.0,1
264,8,682.38,175.42,157.47,64.77,0.76,0.0,1
265,8,704.87,173.22,140.26,65.33,0.79,0.0,1
266,8,698.83,169.82,155.91,66.58,0.76,0.0,1
267,8,709.80,167.64,150.96,62.68,0.73,0.0,1
268,8,714.39,163.69,138.03,61.38,0.72,0.0,1
269,8,719.27,159.03,145.74,67.43,0.74,0.0,1
270,8,714.94,152.22,159.18,70.46,0.75,0.0,1
271,8,716.46,150.39,157.38,70.37,0.77,0.0,1
272,8,721.79,148.13,151.93,71.01,0.75,0.0,1
273,8,720.28,145.74,153.22,70.92,0.75,0.0,1
274,8,717.43,145.67,153.41,71.68,0.76,0.0,1
275,8,723.83,141.74,149.10,73.03,0.74,0.0,1
276,8,718.38,134.35,150.94,77.04,0.75,0.0,1
277,8,711.96,127.75,149.87,76.04,0.70,0.0,1
278,8,743.33,123.76,114.13,69.14,0.67,0.0,1
280,8,743.33,123.76,114.13,69.14,0.40,0.0,1
281,8,741.13,123.71,114.42,66.87,0.62,0.0,1
282,8,741.78,125.59,112.78,60.54,0.62,0.0,1
283,8,738.81,123.53,114.38,62.32,0.72,0.0,1
284,8,727.84,125.03,127.60,64.39,0.69,0.0,1
285,8,730.54,124.99,125.91,64.85,0.70,0.0,1
286,8,719.58,131.50,127.74,66.31,0.70,0.0,1
287,8,715.98,139.05,144.86,69.23,0.74,0.0,1
288,8,713.76,143.91,148.09,72.56,0.73,0.0,1
289,8,718.27,155.37,154.32,70.13,0.75,0.0,1
290,8,730.94,168.12,138.45,66.88,0.74,0.0,1
291,8,716.54,181.74,133.27,78.56,0.76,0.0,1
292,8,721.59,198.00,131.33,72.29,0.79,0.0,1
293,8,723.81,217.47,129.01,70.17,0.73,0.0,1
294,8,717.97,236.79,138.44,69.52,0.74,0.0,1
295,8,705.80,253.52,146.82,70.64,0.76,0.0,1
296,8,702.37,275.09,142.66,57.60,0.63,0.0,1
297,8,695.88,287.91,144.65,68.88,0.75,0.0,1
298,8,691.89,299.48,145.96,63.21,0.75,0.0,1
299,8,687.80,305.21,150.74,62.80,0.75,0.0,1
300,8,684.36,312.69,148.01,62.27,0.76,0.0,1
301,8,677.69,315.26,144.40,69.51,0.76,0.0,1
302,8,675.10,315.76,138.11,70.28,0.75,0.0,1
303,8,674.63,319.01,139.40,68.35,0.75,0.0,1
304,8,672.07,316.76,141.72,67.96,0.76,0.0,1
305,8,674.86,312.47,146.10,69.61,0.79,0.0,1
306,8,670.98,304.15,148.78,68.68,0.77,0.0,1
307,8,675.10,297.84,147.89,71.22,0.78,0.0,1
308,8,679.52,286.12,136.88,64.51,0.75,0.0,1
309,8,679.40,278.93,131.25,51.10,0.34,0.0,1
310,8,671.72,251.62,150.05,59.98,0.75,0.0,1
